{"shelf": [[[0.9996498773470739, -0.020157630144840018, 0.017140381177907272, 0.2818527022474312], [0.020295871940868293, 0.9997625688117933, -0.007929917086838448, 4.380790560893569], [-0.016976463181122146, 0.008275019624634995, 0.9998216459689557, 0.8600995073107717], [0.0, 0.0, 0.0, 1.0]], [[0.15834754598242085, 0.9865799662692625, 0.03982492733811443, 1.9345681840441542], [-0.9867334268752121, 0.15665124462064595, 0.042632520989298234, 4.9337248627585915], [0.03582176668515306, -0.04604734210509338, 0.9982967711640717, 0.5675310786644109], [0.0, 0.0, 0.0, 1.0]], [[0.13851240974762247, 0.9899318277693131, 0.029142558487784277, 3.7827742588736357], [-0.9899735188007229, 0.13757555324687387, 0.032021855382403125, 5.159634668057244], [0.02769015022028063, -0.03328578552661421, 0.9990622163122047, 0.5230831262510547], [0.0, 0.0, 0.0, 1.0]]]}